8860
7980
9034
7315
8456
8814
7790
7393
8959
8602
8735
8934
0
7858
7611
0
8898
7963
7919
7740
7901
0
0
8284
7960
8163
7782
0
0
8813
7597
8151
8601
8673
0
9114
0
8885
7840
8897
8690
0
7799
8386
7980
8175
7962
8836
8833
8117
8308
8849
8168
0
8505
7262
8915
0
0
0
0
0
0
0
7579
8484
7926
0
7786
0
0
0
7040
8088
8488
7613
7495
9064
0
0
8613
7489
0
8016
7677
0
7765
8293
-1480
8891
8547
9039
7647
8553
7919
8676
7349
0
-2534
9030
0
0
-2750
0
7386
0
0
7619
-2596
0
0
0
0
0
7756
7789
0
0
0
8328
8102
0
0
0
0
0
0
8790
7884
7396
0
8370
8979
8904
-2150
7903
0
9118
7836
7685
7735
8819
7850
8418
0
7597
0
0
8567
0
8830
  总条数155  心情总值769525  平均值:4964.677419354839   最大差值:11868
